"Alter";"Bildung";"Kinder";"Bruttoeinkommen"
"1";62;10.5;0;21705
"2";55;18;0;80131
"3";67;18;0;36403
"4";58;11;0;20643
"5";57;10.5;0;20643
"6";44;11.5;0;131225
"7";50;11.5;0;52020
"8";32;15;0;56423
"9";41;14;2;44948
"10";50;18;0;44702
"11";53;13;0;55050
"12";50;12;0;55050
"13";27;13;0;55050
"14";69;18;0;31780
"15";38;11.5;2;53712
"16";74;12;0;65984
"17";65;11.5;0;65984
"18";59;15;0;25620
"19";60;16;0;39472
"20";44;12;2;32457
"21";55;12;0;114346
"22";53;12;0;114346
"23";49;11;0;46127
"24";53;11.5;0;112500
"25";53;12;0;112500
"26";19;11.5;0;112500
"27";19;13;0;112500
"28";47;16;1;138706
"29";43;11.5;2;55731
"30";53;11.5;0;32953
"31";41;13;2;24000
"32";49;15;0;36233
"33";36;10.5;1;30803
"34";54;18;1;55187
"35";52;14;1;55187
"36";22;13;1;55187
"37";21;13;1;55187
"38";56;11.5;0;62880
"39";58;10;0;73746
"40";60;12;0;73746
"41";49;10.5;0;57433
"42";55;11.5;0;97002
"43";52;10;0;97002
"44";55;10.5;0;35500
"45";53;12;0;38155
"46";32;10.5;2;27320
"47";27;9;0;24365
"48";45;10.5;0;38155
"49";48;11.5;1;79543
"50";54;11.5;0;65850
"51";50;11;0;65850
"52";44;11;2;48405
"53";41;10.5;2;48405
"54";43;10.5;1;54001
"55";44;9;0;32300
"56";51;10.5;0;49472
"57";24;11.5;0;38313
"58";48;10.5;0;96163
"59";46;14;2;101435
"60";36;14.5;0;74860
"61";30;11.5;0;39244
"62";66;12;0;78999
"63";56;11.5;0;75292
"64";50;12;0;75292
"65";23;13;0;75292
"66";58;10.5;0;27015
"67";51;11;0;64882
"68";69;13.5;0;22198
"69";65;11.5;0;22198
"70";42;14.5;2;67221
"71";38;11;2;51486
"72";64;10.5;0;27600
"73";34;18;0;152680
"74";32;18;0;31481
"75";64;13.5;0;48344
"76";63;11.5;0;48344
"77";41;14.5;0;163600
"78";40;18;4;70138
"79";64;18;0;62860
"80";48;11.5;0;57300
"81";36;10.5;0;64481
"82";44;10.5;2;37600
"83";52;18;0;110950
"84";33;13;0;25469
"85";57;9;0;41895
"86";44;14.5;2;77930
"87";51;14.5;0;46137
"88";50;11.5;1;101906
"89";30;11.5;0;34127
"90";28;11.5;0;22586
"91";54;18;0;38156
"92";54;16;0;64600
"93";74;18;0;161372
"94";72;11.5;0;161372
"95";67;11;0;40530
"96";63;16;0;33322
"97";24;13;0;33322
"98";50;13.5;0;29930
"99";51;13.5;3;82800
"100";56;10.5;0;66460
"101";51;9;0;66460
"102";25;12;0;66460
"103";54;18;1;77880
"104";43;11.5;1;77880
"105";46;11.5;0;58650
"106";47;15;0;67990
"107";63;10.5;0;37176
"108";59;11;0;37176
"109";50;11.5;0;69088
"110";47;10.5;1;56235
"111";41;11.5;1;61132
"112";46;12;0;66574
"113";44;10.5;1;54119
"114";41;10.5;2;28252
"115";50;10.5;0;67154
"116";66;10.5;0;27006
"117";68;9;0;27006
"118";44;9;1;48620
"119";37;11.5;1;77077
"120";68;9;0;45220
"121";46;11;0;45220
"122";58;13.5;0;128707
"123";56;11.5;0;128707
"124";56;10.5;0;30004
"125";61;18;0;76702
"126";72;18;0;76702
"127";56;18;0;96443
"128";56;15;0;96443
"129";51;13;0;45680
"130";57;9;0;26808
"131";55;14.5;0;49181
"132";64;18;0;96100
"133";61;18;0;96100
"134";29;18;0;75328
"135";48;10.5;1;74900
"136";34;14.5;0;66912
"137";73;15;0;31500
"138";67;18;0;61797
"139";56;14.5;0;31500
"140";48;18;0;63396
"141";60;12;0;63396
"142";55;10.5;0;75940
"143";60;12;0;125332
"144";54;15;0;125332
"145";56;11.5;0;69413
"146";33;11.5;0;25391
"147";58;11.5;1;41760
"148";54;10.5;1;41760
"149";30;11;1;28184
"150";31;9;1;41760
"151";50;16;2;89291
"152";47;11;0;44956
"153";47;10.5;3;57313
"154";35;16;0;39078
"155";33;14.5;1;69342
"156";59;11;0;77862
"157";61;10.5;0;77862
"158";50;10;0;48763
"159";48;8.5;2;27192
"160";45;12;2;24259
"161";58;10.5;0;56953
"162";45;11.5;0;62221
"163";38;9;1;59355
"164";49;11.5;0;44797
"165";72;10.5;0;64963
"166";46;13.5;0;64963
"167";42;11.5;0;73857
"168";43;10;1;38976
"169";50;10.5;2;21964
"170";70;18;0;70509
"171";65;18;0;70509
"172";44;18;2;72790
"173";37;18;0;29893
"174";63;18;0;402846
"175";56;18;0;402846
"176";73;13;0;21426
"177";72;10.5;0;21426
"178";58;10.5;0;79203
"179";36;11.5;2;62754
"180";47;11.5;0;80765
"181";64;10.5;0;110365
"182";60;11.5;0;110365
"183";56;10.5;0;114545
"184";40;11.5;0;114545
"185";55;15;1;79692
"186";41;15;1;30200
"187";38;13;1;35235
"188";51;11;0;69846
"189";62;10.5;0;40515
"190";63;10.5;0;40515
"191";55;9;0;54087
"192";36;11.5;0;22924
"193";52;11.5;0;73927
"194";26;12;0;55400
"195";44;11.5;0;70924
"196";40;12;1;62000
"197";75;10.5;0;37255
"198";70;10.5;0;37255
"199";32;11.5;0;64625
"200";53;10.5;0;21853
"201";60;10.5;0;39650
"202";33;9;1;51324
"203";54;15;0;536425
"204";51;12;0;536425
"205";22;11.5;0;536425
"206";21;10;0;536425
"207";49;14.5;1;128939
"208";62;11.5;0;38449
"209";58;12;0;38449
"210";65;11;0;89929
"211";40;11.5;0;58674
"212";25;10.5;0;58674
"213";71;18;0;117317
"214";71;18;0;117317
"215";37;18;0;117317
"216";34;18;0;117317
"217";42;18;0;98412
"218";73;18;0;45450
"219";51;12;1;72847
"220";57;11;1;72847
"221";52;17;0;107116
"222";52;15;0;134266
"223";60;11;0;34026
"224";56;11.5;0;34026
"225";34;18;2;22955
"226";41;12;2;39036
"227";43;18;2;109936
"228";73;10;0;33799
"229";73;10;0;33799
"230";46;12;0;33799
"231";45;13;0;33799
"232";48;11.5;1;43170
"233";45;11.5;1;110243
"234";51;15;0;35018
"235";42;18;0;38402
"236";49;9;1;46246
"237";36;11.5;2;28794
"238";49;16;0;47330
"239";46;14.5;1;74222
"240";47;10;0;27460
"241";49;12;0;32575
"242";46;10.5;0;32575
"243";49;14.5;2;31704
"244";41;16;0;105596
"245";64;10.5;0;24100
"246";47;11.5;2;182963
"247";55;11.5;0;21696
"248";63;18;0;94597
"249";61;11;0;94597
"250";35;18;1;37342
"251";45;12;1;25800
"252";58;13.5;0;131594
"253";58;11.5;0;131594
"254";42;14.5;0;77615
"255";65;10.5;0;45556
"256";72;10.5;0;45556
"257";45;15;0;61104
"258";43;13.5;1;40511
"259";54;11;0;49970
"260";51;11;1;60556
"261";53;10.5;0;39441
"262";53;11;0;141224
"263";25;13;0;34741
"264";42;12;0;141224
"265";45;11.5;1;40735
"266";40;10.5;1;49287
"267";44;12;2;101255
"268";33;9;2;33160
"269";44;18;0;66149
"270";59;9;0;24000
"271";61;9;0;24000
"272";49;14.5;1;82200
"273";57;14;0;74176
"274";51;12;0;74176
"275";20;12;0;74176
"276";57;11.5;0;85692
"277";52;10.5;0;85692
"278";22;12;0;85692
"279";47;12;0;61741
"280";53;14.5;0;96340
"281";56;12;0;35608
"282";52;10.5;0;35608
"283";25;18;0;52456
"284";57;18;2;227500
"285";58;10.5;0;48802
"286";61;13.5;0;48802
"287";28;13;0;21529
"288";56;10.5;0;37085
"289";64;11;0;110532
"290";57;11.5;0;110532
"291";35;13;0;110532
"292";25;10;0;22844
"293";60;11.5;0;64095
"294";59;10.5;0;28520
"295";46;18;0;56452
"296";92;10.5;0;36881
"297";75;15;0;63067
"298";73;11.5;0;63067
"299";67;11.5;0;25535
"300";65;11.5;0;25535
"301";40;18;2;110727
"302";37;13;1;26541
"303";28;12;1;34742
"304";64;10.5;0;33994
"305";44;11.5;1;35656
"306";66;10.5;0;43014
"307";81;9;0;21638
"308";50;11.5;0;151959
"309";53;14.5;0;44878
"310";58;11.5;0;40144
"311";57;11.5;0;40144
"312";30;10;0;24050
"313";25;11.5;0;43589
"314";47;13.5;0;72337
"315";53;10.5;1;129351
"316";64;11.5;0;46826
"317";54;12;0;88232
"318";55;12;0;46826
"319";64;11;0;55885
"320";64;10.5;0;55885
"321";54;10.5;0;71229
"322";48;14;0;71229
"323";51;18;2;106242
"324";72;18;0;51418
"325";56;11.5;0;63712
"326";57;10.5;0;109743
"327";55;9;0;109743
"328";38;14;0;109743
"329";64;18;0;271579
"330";62;10;0;271579
"331";35;16;0;73370
"332";31;16;0;61101
"333";29;18;0;72689
"334";73;10.5;0;20312
"335";69;9;0;20312
"336";38;16;1;45123
"337";65;10.5;0;88172
"338";66;11.5;0;88172
"339";52;10.5;0;95764
"340";60;15;0;95764
"341";30;11.5;3;29700
"342";45;11.5;0;122887
"343";47;11.5;0;78439
"344";41;17;0;149324
"345";50;11.5;0;89944
"346";63;10.5;0;20173
"347";61;10.5;0;20173
"348";27;12;0;35997
"349";67;10.5;0;61648
"350";61;11;0;61648
"351";39;12;0;62737
"352";23;10;0;61648
"353";52;12;1;81365
"354";75;18;0;41202
"355";60;11.5;0;39640
"356";37;15;1;68260
"357";34;14.5;1;69227
"358";68;17;0;39640
"359";58;11.5;0;113512
"360";56;11.5;0;113512
"361";27;16;0;113512
"362";49;16;3;178650
"363";51;18;2;95318
"364";46;18;0;65592
"365";49;18;2;76256
"366";60;11;0;109880
"367";63;10.5;0;109880
"368";64;10.5;0;21047
"369";73;9;0;62758
"370";46;10;0;127509
"371";62;10.5;0;35814
"372";41;10;2;36218
"373";67;10.5;0;28166
"374";58;10.5;0;28166
"375";54;10;0;45321
"376";50;12;0;45321
"377";56;11.5;0;79414
"378";51;11.5;0;65252
"379";51;11.5;0;82429
"380";53;18;3;127707
"381";48;18;3;127707
"382";55;10.5;0;141510
"383";57;10.5;0;141510
"384";55;12;0;40640
"385";54;16;0;32161
"386";50;16;0;47294
"387";52;16;0;129144
"388";52;18;0;129144
"389";37;18;0;37537
"390";64;18;0;131207
"391";53;13;0;101450
"392";58;13;0;101450
"393";47;15;0;109645
"394";45;12;1;56610
"395";49;15;0;31200
"396";60;18;0;109932
"397";60;18;0;111363
"398";61;18;0;109932
"399";55;10.5;0;51101
"400";47;11.5;1;36975
"401";18;10;1;36975
"402";55;10.5;1;36975
"403";24;11.5;0;45636
"404";60;18;0;124230
"405";60;12;0;61024
"406";52;18;0;77560
"407";49;11.5;0;69205
"408";68;11.5;0;41604
"409";38;18;1;113500
"410";37;18;0;108750
"411";34;18;0;125600
"412";34;18;0;41010
"413";48;15;2;29433
"414";45;15;0;82725
"415";59;18;0;49623
"416";22;13;0;49623
"417";63;18;0;49623
"418";51;16;1;91100
"419";51;12;1;91100
"420";50;10.5;0;270757
"421";35;18;2;83945
"422";77;10;0;21788
"423";69;11.5;0;21788
"424";45;11.5;2;34550
"425";58;11;0;47824
"426";56;15;0;47824
"427";30;18;0;41737
"428";25;10;0;25064
"429";46;11.5;0;128111
"430";52;10.5;0;54115
"431";56;15;2;46538
"432";55;12;2;46538
"433";64;11;0;25049
"434";62;8.5;0;25049
"435";56;9;0;32500
"436";53;12;0;30474
"437";29;18;0;41448
"438";67;18;0;522657
"439";63;15;0;522657
"440";41;18;0;522657
"441";37;18;0;522657
"442";31;18;0;522657
"443";56;10.5;0;80733
"444";46;10.5;0;80733
"445";47;11.5;0;70126
"446";27;18;0;71110
"447";67;12;0;62082
"448";65;12;0;62082
"449";39;16;1;105568
"450";52;10.5;0;71283
"451";51;10.5;0;71283
"452";29;9;0;71283
"453";48;15;0;100572
"454";73;14.5;0;69587
"455";69;10.5;0;69587
"456";30;13.5;0;69587
"457";59;9;1;24549
"458";55;11.5;1;24549
"459";54;11.5;1;116665
"460";48;12;1;46570
"461";74;10.5;0;61319
"462";73;10.5;0;61319
"463";49;11.5;0;61319
"464";44;11.5;1;78259
"465";53;12;2;92416
"466";56;18;0;123162
"467";20;10;2;92416
"468";69;10.5;0;78920
"469";73;10.5;0;78920
"470";47;13.5;0;78920
"471";64;18;0;142895
"472";59;11.5;0;142895
"473";32;18;0;142895
"474";30;18;0;48095
"475";59;18;0;45481
"476";58;15;0;45481
"477";28;18;0;45481
"478";24;13;0;45481
"479";53;11.5;0;52390
"480";54;13;0;52390
"481";56;12;0;61208
"482";34;16;1;48610
"483";58;10.5;0;54087
"484";57;11.5;0;71404
"485";65;10.5;0;71404
"486";41;11.5;0;57687
"487";44;15;2;70030
"488";50;11.5;0;67229
"489";69;10.5;0;20553
"490";39;15;2;93119
"491";45;18;0;116267
"492";62;18;0;61553
"493";60;11.5;0;61553
"494";32;18;0;78374
"495";56;14;1;69753
"496";60;12;1;69753
"497";33;18;1;24614
"498";26;12;1;69753
"499";44;12;0;52629
"500";54;16;0;77975
"501";54;10.5;0;77975
"502";26;13;0;77975
"503";23;13;0;77975
"504";38;15;2;83264
"505";34;12;2;83264
"506";54;18;0;52280
"507";64;13;0;109589
"508";61;11.5;0;109589
"509";72;18;0;35160
"510";42;14.5;2;77450
"511";49;10.5;0;39061
"512";69;11;0;32398
"513";64;10.5;0;32398
"514";39;15;1;46503
"515";34;12;2;57915
"516";32;15;1;26556
"517";48;15;1;81678
"518";65;10.5;0;55314
"519";61;10.5;0;55314
"520";41;13.5;0;79221
"521";22;13;0;55314
"522";46;18;2;78230
"523";45;12;2;89400
"524";34;14.5;0;32850
"525";64;7;0;31443
"526";81;9;0;56454
"527";55;11;0;34520
"528";51;10;0;56454
"529";51;10.5;0;39156
"530";56;18;1;99178
"531";55;14.5;1;99178
"532";22;13;1;99178
"533";61;18;0;61790
"534";59;12;0;61790
"535";47;18;2;95600
"536";62;18;0;93647
"537";66;18;0;387086
"538";61;11;0;387086
"539";31;18;0;107569
"540";38;10;1;60586
"541";55;11.5;1;49805
"542";79;12;0;32150
"543";76;11;0;32150
"544";28;13.5;0;30109
"545";25;14.5;0;25541
"546";34;10.5;1;21722
"547";48;11.5;0;109157
"548";67;11;0;56319
"549";59;12;0;56319
"550";64;11;1;26270
"551";61;14;1;26270
"552";46;11.5;1;44389
"553";59;11;0;20450
"554";56;9;0;20450
"555";36;10;2;68876
"556";28;11.5;0;66950
"557";26;10;0;32121
"558";50;12;0;89923
"559";74;11;0;59831
"560";55;9;0;34248
"561";52;10;0;34248
"562";31;12;0;47096
"563";28;12;4;32378
"564";19;9;0;34248
"565";63;16;0;86514
"566";63;12;0;86514
"567";40;16;1;25824
"568";41;11.5;2;45219
"569";39;15;2;30424
"570";64;18;0;33309
"571";61;16;0;33309
"572";56;13;0;60718
"573";42;11.5;0;56705
"574";53;16;0;102700
"575";40;18;0;69900
"576";60;10.5;0;56344
"577";54;11.5;0;56344
"578";21;13;0;56344
"579";48;11.5;1;73217
"580";44;12;0;80295
"581";45;16;1;51887
"582";64;10;0;32663
"583";32;12;0;44938
"584";53;10.5;0;34400
"585";39;12;3;54812
"586";45;18;0;134260
"587";30;14.5;0;58265
"588";49;18;1;75956
"589";64;11;0;40058
"590";25;13;0;40058
"591";47;11.5;2;98215
"592";43;9;2;45013
"593";42;12;0;32648
"594";48;11.5;2;52023
"595";54;11.5;1;66188
"596";51;11.5;1;66188
"597";62;10.5;0;30183
"598";27;14;1;43456
"599";57;18;1;96974
"600";48;15;1;134900
"601";55;10.5;0;46732
"602";54;10.5;0;46732
"603";29;15;0;73941
"604";27;18;0;46584
"605";47;10.5;1;31908
"606";55;11.5;0;49350
"607";21;13;0;49350
"608";53;9;0;80219
"609";53;12;0;80219
"610";25;16;0;80219
"611";23;12;0;80219
"612";19;10;0;80219
"613";49;9;2;146631
"614";39;14.5;1;78991
"615";70;11;0;56685
"616";64;11;0;56685
"617";56;11.5;0;54650
"618";24;11.5;0;54650
"619";66;18;0;55837
"620";63;12;0;55837
"621";56;10.5;0;65980
"622";54;9;0;65980
"623";28;10.5;0;65980
"624";72;11;0;26591
"625";62;10.5;0;26591
"626";31;18;0;22193
"627";57;18;0;167545
"628";21;13;0;167545
"629";54;13;0;43010
"630";20;11.5;0;43010
"631";55;11.5;0;113337
"632";51;12;0;113337
"633";58;11.5;0;42960
"634";69;9;0;42960
"635";45;13;0;28636
"636";42;13;2;64155
"637";61;17;1;107927
"638";46;12;1;107927
"639";23;12;1;107927
"640";22;13;1;107927
"641";43;10;1;77277
"642";49;12;0;40489
"643";46;13.5;1;44558
"644";69;11.5;0;35014
"645";66;10.5;0;35014
"646";63;13.5;0;53880
"647";64;9;0;53880
"648";55;10.5;0;130007
"649";52;14;0;130007
"650";30;18;0;130007
"651";55;10.5;0;74179
"652";55;17;0;74179
"653";19;9;0;74179
"654";34;18;0;60606
"655";42;14.5;2;59156
"656";64;9;0;38963
"657";61;9;0;38963
"658";57;12;0;37652
"659";50;10.5;0;37652
"660";25;14;0;37652
"661";54;12;1;33379
"662";52;14;0;71139
"663";53;10.5;1;56574
"664";49;14;1;89180
"665";58;10.5;0;39910
"666";56;10.5;0;39910
"667";71;18;0;72200
"668";77;10.5;0;72200
"669";43;18;2;30555
"670";37;13.5;2;30555
"671";48;13.5;0;27356
"672";38;18;2;88281
"673";35;14.5;3;77151
"674";55;13.5;0;72035
"675";55;18;0;72035
"676";23;13;0;72035
"677";51;14;0;57282
"678";59;13;0;152689
"679";63;18;0;152689
"680";55;11.5;0;29363
"681";50;10;0;29363
"682";50;12;0;77025
"683";50;18;1;74000
"684";50;12;0;43361
"685";64;11;0;39795
"686";63;11;0;39795
"687";69;18;0;20691
"688";64;18;0;20691
"689";36;18;2;76086
"690";63;12;0;23502
"691";48;18;0;214656
"692";45;14.5;3;82266
"693";57;11.5;0;79249
"694";53;12;0;79249
"695";22;13;0;79249
"696";49;14.5;2;65941
"697";45;15;2;71639
"698";63;10.5;0;36591
"699";64;10.5;0;36591
"700";43;11.5;1;30686
"701";30;12;1;49243
"702";64;10.5;0;45414
"703";60;10.5;0;45414
"704";39;11.5;3;101356
"705";38;13.5;1;77899
"706";65;10.5;0;42062
"707";60;9;0;42062
"708";42;15;2;108884
"709";57;16;0;70569
"710";75;11.5;0;36607
"711";49;18;0;85716
"712";64;11;0;71871
"713";63;10.5;0;71871
"714";53;18;0;50678
"715";45;10;0;80791
"716";69;16;0;22350
"717";70;13;0;22350
"718";33;18;0;22350
"719";51;18;0;128486
"720";35;18;2;120117
"721";70;15;0;34200
"722";69;12;0;34200
"723";37;16;0;108308
"724";58;16;0;112908
"725";55;16;0;67120
"726";61;10.5;0;26078
"727";58;16;0;70252
"728";59;11.5;0;52664
"729";56;11.5;0;52664
"730";47;18;2;77363
"731";60;12;0;37366
"732";60;12;0;37366
"733";56;13.5;0;34750
"734";45;11.5;1;73800
"735";43;11.5;2;67544
"736";38;18;2;72740
"737";57;12;1;44019
"738";65;11.5;1;44019
"739";50;10.5;1;104181
"740";61;11.5;0;26280
"741";36;11.5;0;90763
"742";31;11.5;0;87254
"743";48;11.5;0;70820
"744";41;11.5;2;45195
"745";34;13;0;76885
"746";57;18;0;28818
"747";55;11;0;24000
"748";28;11.5;1;88659
"749";84;10.5;0;28818
"750";41;18;1;55057
"751";55;18;0;146232
"752";54;18;0;146232
"753";56;12;0;57909
"754";62;14;0;57909
"755";48;8.5;1;34991
"756";63;18;0;63650
"757";58;14;0;63650
"758";27;12;1;35520
"759";47;10.5;1;70671
"760";45;10.5;1;73826
"761";52;11.5;0;44057
"762";60;18;0;92920
"763";74;10.5;0;27340
"764";72;9;0;27340
"765";52;10.5;0;87000
"766";68;11;0;20248
"767";66;11;0;20248
"768";50;11.5;0;46812
"769";44;11.5;2;47911
"770";44;15;3;114417
"771";52;10.5;0;59650
"772";40;12;0;53000
"773";31;16;0;55823
"774";59;11.5;0;28251
"775";57;11.5;0;28251
"776";35;12;2;39247
"777";49;15;1;147473
"778";47;11.5;2;121894
"779";59;18;0;164102
"780";55;10.5;0;72778
"781";47;14.5;1;74593
"782";50;11.5;2;83228
"783";48;18;2;79083
"784";53;15;0;44910
"785";62;11.5;0;37675
"786";64;10.5;0;53195
"787";62;11.5;0;56650
"788";53;11.5;0;56650
"789";50;10;0;50155
"790";53;10.5;0;69606
"791";46;13.5;0;47005
"792";64;10.5;0;58647
"793";61;12;0;58647
"794";40;10.5;0;43822
"795";70;18;0;84022
"796";48;18;1;75278
"797";52;12;1;102720
"798";46;13.5;0;86645
"799";50;11.5;0;111966
"800";50;13;0;111966
"801";50;18;0;64771
"802";53;10.5;0;64771
"803";40;16;0;123414
"804";41;13;2;176366
"805";69;18;0;174683
"806";63;17;0;174683
"807";33;18;0;82289
"808";31;18;0;36618
"809";46;10;1;51298
"810";70;15;0;20417
"811";64;18;0;51852
"812";60;10.5;0;51852
"813";62;11;0;66682
"814";51;9;0;116906
"815";48;7;0;47543
"816";42;16;0;50328
"817";49;18;1;56400
"818";40;11.5;0;20571
"819";48;11.5;0;35945
"820";57;9;0;27401
"821";57;10.5;0;27401
"822";27;10.5;0;27401
"823";53;11.5;0;21116
"824";62;11.5;0;37238
"825";44;18;0;46800
"826";53;9;0;27600
"827";50;10.5;0;53598
"828";40;11.5;1;28794
"829";45;11.5;0;84621
"830";49;12;1;40250
"831";49;10.5;0;75856
"832";51;12;0;43555
"833";41;16;1;107740
"834";45;15;0;103428
"835";57;10.5;1;64003
"836";47;10;0;54600
"837";89;9;0;27957
"838";57;10.5;0;27957
"839";59;10.5;0;28804
"840";56;10.5;0;28804
"841";38;9;3;47700
"842";34;11.5;0;70134
"843";53;11.5;0;102824
"844";29;18;0;64478
"845";50;11.5;0;42727
"846";61;10.5;0;103913
"847";53;11.5;0;103913
"848";26;14.5;0;103913
"849";41;14;0;97684
"850";59;12;0;34195
"851";62;11.5;0;37052
"852";40;12;0;93695
"853";57;11.5;0;55406
"854";62;10.5;0;24300
"855";56;10.5;0;24300
"856";29;11.5;0;24300
"857";35;10.5;2;29300
"858";56;9;0;35076
"859";52;9;0;35076
"860";89;18;0;35192
"861";84;9;0;35192
"862";51;11;1;27234
"863";51;10.5;0;37314
"864";56;18;0;25000
"865";56;18;0;25000
"866";52;10.5;0;21828
"867";45;11.5;1;40553
"868";34;15;0;86347
"869";51;18;0;106726
"870";51;11.5;0;106726
"871";46;11;2;50700
"872";60;11.5;0;66989
"873";57;12;0;66989
"874";53;10.5;0;80426
"875";44;10.5;0;80426
"876";54;10.5;0;61700
"877";52;11.5;0;61700
"878";57;10.5;0;50300
"879";35;11.5;0;76803
"880";55;10.5;0;50300
"881";54;11;0;140278
"882";50;10.5;0;140278
"883";23;10;0;140278
"884";33;18;0;45123
"885";31;16;0;44612
"886";52;18;0;94526
"887";42;11.5;2;66934
"888";58;16;0;76003
"889";48;10.5;0;69603
"890";44;9;1;93685
"891";46;18;0;61998
"892";49;11.5;0;90731
"893";47;13;0;98896
"894";35;12;2;58472
"895";56;10.5;0;35629
"896";29;10.5;0;35629
"897";47;16;1;76574
"898";51;11;0;53618
"899";45;14.5;0;52874
"900";50;12;0;57525
"901";54;11;0;81480
"902";56;10.5;0;81480
"903";53;11;0;70117
"904";53;12;0;70117
"905";39;9;1;60000
"906";52;13;0;22112
"907";23;13;0;22112
"908";47;14;0;155470
"909";60;10;0;53104
"910";34;18;0;69067
"911";49;18;3;86106
"912";67;12;0;44583
"913";71;10.5;0;44583
"914";58;11.5;0;22624
"915";54;12;0;96808
"916";32;18;0;96808
"917";26;17;0;96808
"918";54;11;0;48685
"919";52;11;0;48685
"920";34;11.5;1;66788
"921";31;18;0;49666
"922";48;11;0;84381
"923";90;10.5;0;65317
"924";50;14.5;0;65317
"925";65;11.5;0;87693
"926";66;10.5;0;87693
"927";61;15;0;47960
"928";58;10.5;0;158000
"929";56;10.5;0;158000
"930";31;13;0;158000
"931";28;11.5;0;158000
"932";57;12;0;36122
"933";55;11.5;0;36122
"934";23;13;0;36122
"935";21;13;0;36122
"936";41;18;2;100722
"937";44;16;0;31629
"938";61;18;0;105036
"939";64;14;0;105036
"940";52;12;0;137804
"941";27;13;0;137804
"942";64;15;0;51684
"943";61;15;0;51684
"944";26;18;0;51684
"945";39;16;2;56142
"946";46;10;0;25620
"947";65;10.5;0;46157
"948";39;17;1;52925
"949";46;12;2;108107
"950";42;11.5;1;76581
"951";34;12;0;70371
"952";58;11.5;0;37530
"953";35;18;1;69626
"954";50;11;0;39760
"955";46;11;0;39760
"956";23;14.5;0;25720
"957";60;11.5;0;59877
"958";56;10.5;0;59877
"959";35;11.5;0;65472
"960";32;18;0;113765
"961";56;10.5;0;30884
"962";20;9;0;30884
"963";54;11.5;0;149294
"964";57;11;0;149294
"965";27;14.5;0;149294
"966";26;14.5;0;149294
"967";43;14.5;3;169615
"968";39;14.5;0;64825
"969";50;16;2;64265
"970";45;10;1;90475
"971";42;10.5;0;52938
"972";42;11;0;63701
"973";61;10.5;0;52300
"974";60;10.5;0;52300
"975";41;10.5;2;70984
"976";48;14;0;66825
"977";66;11.5;0;28120
"978";37;11;0;29055
"979";58;12;0;28120
"980";54;14;1;54347
"981";44;14.5;1;81717
"982";37;11;2;53592
"983";46;12;1;120575
"984";47;12;1;120575
"985";64;18;0;61494
"986";59;10.5;0;61494
"987";32;18;0;97137
"988";57;15;0;31204
"989";47;13.5;0;87144
"990";38;11;0;28100
"991";64;11;0;67238
"992";57;11.5;0;67238
"993";29;11.5;0;67238
"994";26;13;0;67238
"995";36;11.5;2;57900
"996";49;10.5;0;107867
"997";42;15;2;91694
"998";75;10.5;0;31700
"999";71;10.5;0;31700
"1000";50;11.5;3;80353
